self.WT_raw = [16.393, 16.393, 16.393, 18.033, 18.852, 18.852, 18.033, 16.393, 14.754, 13.934, 13.115, 13.934,
                       13.934, 14.754, 14.754, 14.754, 14.754, 14.754, 15.574, 17.213, 18.852, 20.492, 22.951, 25.41,
                       27.869, 27.869, 32.787, 34.426, 35.246, 37.705, 39.344, 40.164, 41.803, 42.623, 43.443, 44.262,
                       44.262, 43.443, 42.623, 41.803, 40.984, 40.164, 39.344, 40.164, 40.984, 42.623, 43.443, 45.082,
                       45.902, 47.541, 49.18, 50.0, 50.82, 52.459, 54.098, 57.377, 60.656, 61.475, 63.115, 63.934,
                       64.754, 66.393, 68.033, 69.672, 71.311, 72.951, 75.41, 76.23, 77.869, 78.689, 79.508, 81.148,
                       82.787, 82.787, 86.066, 86.885, 88.525, 89.344, 90.164, 90.164, 90.984, 90.164, 90.164, 88.525,
                       86.885, 85.246, 82.787, 80.328, 77.049, 74.59, 72.131, 70.492, 68.852, 67.213, 66.393, 64.754]

        # 截取自真实气象数据集的光伏(GHI)波动曲线 (96步)
        self.PV_raw = [0.0, 0.0, 0.0, 0.0, 0.0, 0.0, 0.0, 0.0, 0.0, 0.0, 0.0, 0.0, 0.0, 0.0, 0.0, 0.0, 0.0, 0.0, 0.0,
                       0.0, 1.37, 10.959, 8.415, 20.939, 39.335, 48.532, 57.143, 64.579, 70.939, 68.493, 60.763, 36.497,
                       46.575, 63.307, 51.468, 33.268, 34.247, 48.826, 56.751, 48.043, 35.127, 29.061, 19.374, 9.198,
                       2.642, 0.0, 0.0, 0.0, 0.0, 0.0, 0.0, 0.0, 0.0, 0.0, 0.0, 0.0, 0.0, 0.0, 0.0, 0.0, 0.0, 0.0, 0.0,
                       0.0, 0.0, 0.0, 0.0, 0.0, 3.033, 10.372, 19.178, 28.767, 17.221, 8.708, 17.417, 54.99, 55.675,
                       40.02, 32.583, 47.065, 23.973, 24.266, 24.266, 47.065, 45.205, 33.855, 27.691, 11.546, 28.571,
                       25.832, 10.665, 5.382, 1.468, 0.0, 0.0, 0.0]

        # 截取自 Customer 20 的连续真实负荷曲线 (96步)
        self.L_raw = [32.258, 29.032, 24.258, 24.258, 25.806, 24.258, 25.806, 16.129, 16.129, 12.903, 16.129, 12.903,
                      16.129, 38.71, 24.258, 14.581, 16.129, 17.806, 12.903, 14.581, 9.677, 38.71, 16.129, 25.806,
                      19.355, 35.484, 17.806, 11.355, 14.581, 12.903, 19.355, 22.581, 24.258, 41.935, 19.355, 54.839,
                      50.064, 46.839, 50.064, 46.839, 61.29, 45.935, 29.032, 30.71, 56.516, 69.419, 80.645, 70.968,
                      69.419, 62.968, 70.968, 58.064, 59.742, 61.29, 61.29, 58.064, 48.387, 51.613, 48.387, 43.613,
                      53.29, 54.839, 53.29, 48.387, 59.742, 51.613, 50.064, 66.193, 74.193, 46.839, 46.839, 46.839,
                      54.839, 43.613, 88.774, 77.419, 74.193, 64.516, 54.839, 37.161, 69.419, 80.645, 51.613, 100.0,
                      72.645, 72.645, 74.193, 65.29, 61.29, 29.032, 27.484, 22.581, 32.258, 32.258, 33.935, 17.806]
self.WT_raw = [7.795145639, 30, 35, 8.846969231, 16.46602734, 18.13731014, 0, 22.51716352, 0, 17.9231927,
                       14.15372591, 0, 11.6233221, 4, 35.35145853, 32, 49, 14.33133905, 19.00167218, 50, 30.48483598,
                       36.18525123, 21.04862466, 58.55085761, 7, 13.38712664, 0.9, 3.056863165, 32, 9.720436673, 17,
                       2.491215512, 15.4306888, 13, 23.60703705, 50, 50, 66, 29.75268875, 19.94024882, 65.28505115,
                       62.98944949, 62.75321569, 25.41053571, 95.88858417, 86.48719301, 75.17048763, 51.40892866,
                       96.45673321, 98.95653492, 58.69891281, 57.17791032, 98, 97.33019532, 96.52678304, 72.53758377,
                       62.91378467, 89.78739585, 69.47327471, 68.24764212, 72.57372903, 100, 99.7924927, 87.26289182,
                       73.78566709, 93, 89, 100, 78.12244919, 100, 99, 91.5508517, 75.62210048, 100, 71.04460315,
                       83.93701513, 86.05545333, 86.1450672, 88.33546098, 74.33299008, 89.54168021, 89.98797207,
                       80.2885353, 100, 96.13676328, 61.66369873, 80.96525581, 86, 40.71576154, 63.2995258, 32.5655823,
                       56.56493033, 46.10773804, 11.23771407, 0, 21.58711212]
        self.PV_raw = [0, 0, 0, 1.534893928, 0, 0, 0, 0, 3, 0, 0, 4, 0, 0, 0, 0, 13.23842331, 18, 17, 12, 6.294037376,
                       30, 33.7784774, 40.12795867, 41.45072669, 12.87897941, 20, 48.62089279, 45.56991566, 37.72844958,
                       55.03924065, 57.27395133, 77.1460199, 31.53641078, 82.4481725, 54.45656023, 36.45647462, 92,
                       80.02727971, 66.11332888, 50.72330911, 74.05187436, 52.62290957, 57.07280675, 17.50162697,
                       25.76591962, 27.25622161, 45.01228529, 23.71170186, 44.56052686, 14.11180894, 43.54698389,
                       8.261743441, 40.91542105, 51.00898113, 18.82405249, 31.85294629, 31.10056238, 42.19804925,
                       11.14644011, 41.20804216, 34.76803192, 20.388283, 21.32341377, 7.464497931, 7.823391371,
                       3.058413701, 0, 0, 12, 0, 8.458569964, 0, 0, 0, 2.663710742, 0, 0, 0, 2, 0, 0, 0, 0, 0, 0, 0, 0,
                       0, 0, 0, 0, 0, 0, 0, 0]
        self.L_raw = [38.52680745, 48, 52.83431338, 12.70716651, 41.09933268, 32.368543, 51.33887579, 49.72165616,
                      10.96586938, 47.17449319, 10.1811827, 28.39494669, 17.52102577, 21.49084683, 50.26449404,
                      16.33932982, 35.66857677, -1.122451028, 35.27626195, 25.33153535, 16.57206761, 48.81216394,
                      1.06183333, 45.06336446, 38.92842238, 48.35322762, 9.118658638, 34.59910003, 1.290028902,
                      54.91118903, 1.506844108, 18.66403543, 36.01146046, 42.94016099, 44.48765596, 17.51547332,
                      30.24421748, 30, 52.28523656, 43.90483901, 82.03554115, 44.69683367, 79.31542833, 43.51056931,
                      83.19949454, 85.16741374, 99.51924713, 55.10400638, 69.72695304, 75.10100365, 70.58174233, 100,
                      71.56391619, 73.54736895, 90.84908664, 99.5, 98.40613288, 51.87624311, 40.5054955, 98.63365864,
                      26.89196698, 64.37961463, 50.75045943, 65.50168208, 17.1951119, 57.76211918, 22.28244356,
                      29.79231207, 89.71000347, 93.12346184, 71.6642721, 42.21021461, 100, 100, 86.32109956,
                      74.83646558, 83.61669166, 100, 64.05377977, 98.3, 79.35033602, 84.60830134, 100, 100, 82.97375079,
                      81.63787632, 61.00385313, 99.6, 80.94409778, 74.55806944, 54.95072907, 83.05763655, 59.12786812,
                      62.72374535, 43.65248929, 10.09138061]
